x,y
  -9.8542680e-01  , 9.9295570e-01
  -8.4146598e-01  , 7.4535562e-01
  -8.0105391e-01  , 5.7489111e-01
  -6.4755413e-01  , 4.1968367e-01
  -6.0612122e-01  , 3.1263389e-01
  -4.9118152e-01  , 2.3824918e-01
  -4.8578102e-01  , 8.0519543e-02
  -3.5818433e-01  , 8.7199315e-03
  -2.3048163e-01  ,-2.3355681e-02
  -1.3147630e-01  ,-2.2298968e-02
  -5.7109882e-02  ,-5.0402620e-02
   1.1088145e-02  ,-3.7874194e-03
   8.0605230e-02  ,-1.7333915e-04
   3.4372292e-01  , 2.9843916e-02
   4.2197669e-01  , 7.3039751e-02
   5.5782439e-01  , 2.4369459e-01
   6.5318830e-01  , 2.9125000e-01
   6.5406068e-01  , 4.1673980e-01
   8.5113171e-01  , 6.2874153e-01
   8.5015574e-01  , 7.1743715e-01
   1.0391135e+00  , 9.9206938e-01
