x,y
  -9.9855196e-01   ,1.0948980e+00
  -9.1134442e-01   ,8.4253164e-01
  -8.0686969e-01   ,6.8142223e-01
  -6.2003734e-01   ,5.5803379e-01
  -5.3964056e-01   ,3.6072742e-01
  -4.9243455e-01   ,2.9343851e-01
  -3.1837259e-01   ,2.2062387e-01
  -3.1593477e-01   ,1.7890515e-01
  -3.1490921e-01   ,9.8886986e-02
  -3.2998838e-02   ,8.5088005e-02
  -1.4446476e-02   ,4.1193001e-02
   8.4626980e-02   ,9.6875580e-02
   2.6106966e-01   ,1.0509073e-01
   3.8426909e-01   ,1.4825546e-01
   3.2589609e-01   ,1.6393818e-01
   5.3932534e-01   ,3.1271048e-01
   5.3379782e-01   ,4.0001852e-01
   6.8487182e-01   ,5.1141931e-01
   8.3313441e-01   ,6.8631945e-01
   9.1675383e-01   ,8.7865195e-01
   1.0230661e+00   ,1.0269891e+00
